302490.77365467383 4123701.751820366
302491.2497801683 4123701.481679295
302491.72535761574 4123701.268901672
302492.2122938044 4123701.0901347958
302492.7236399357 4123700.9336929657
302493.261933226 4123700.8110971707
302493.77081880765 4123700.723654497
302494.31416216877 4123700.6263839235
302494.8098440619 4123700.519925306
302495.33457720495 4123700.41299857
302495.8330452789 4123700.315474996
302496.32744435733 4123700.2207028293
302496.850911387 4123700.129982963
302497.3965232 4123700.0507657635
302497.9170902326 4123700.004823778
302498.4638333404 4123699.97742387
302499.00707188883 4123699.9742004005
302499.5299586803 4123700.0074623823
302500.03381869086 4123700.0748593947
302500.5368138172 4123700.168727725
302501.0448700885 4123700.287073882
302501.5408934783 4123700.4220200437
302502.04840921477 4123700.530484716
302502.54249550315 4123700.646028827
302503.0631259052 4123700.7871573586
302503.5611901839 4123700.9533915156
302504.0637708024 4123701.1613546675
302504.5332489059 4123701.386572293
302504.9784593714 4123701.614715667
302505.4167479017 4123701.860172563
302505.8647212941 4123702.1279201666
302506.3160087033 4123702.436887703
302506.73766994977 4123702.748222046
302507.1633616757 4123703.0779944477
302507.5970579694 4123703.4239464854
302507.9808509769 4123703.746351399
302508.3903887203 4123704.1135252295
302508.7523926308 4123704.47078628
302509.0873672883 4123704.878315538
302509.3093157788 4123705.3470313004
302509.4845618383 4123705.8456992726
302509.61431265273 4123706.339005004
302509.70201301423 4123706.8475796683
302509.68026429083 4123707.35308164
302509.5747649609 4123707.8549240828
302509.43651483604 4123708.354257467
302509.28516710084 4123708.8471932863
302509.1010662678 4123709.3163561025
302508.9001270052 4123709.785559812
302508.6581897723 4123710.284318411
302508.46231342276 4123710.7474755687
302508.2515327542 4123711.2122556935
302508.03653496236 4123711.698655504
302507.82178448833 4123712.1813802323
302507.607249711 4123712.6544076945
302507.39403675153 4123713.1378145763
302507.1637218988 4123713.6243249835
302506.9372779115 4123714.103962009
302506.6982043697 4123714.6030563186
302506.46220049134 4123715.0774460137
302506.1968070611 4123715.545956906
302505.94435778516 4123715.984158525
302505.66511199635 4123716.453313978
302505.38895232085 4123716.8993698093
302505.09432844777 4123717.3508016462
302504.80112773005 4123717.766515393
302504.48029934894 4123718.1695931847
302504.1349291541 4123718.567598503
302503.7645226012 4123718.96965565
302503.37205604627 4123719.3626395552
302502.9937194155 4123719.7133503393
302502.6122168325 4123720.0776147833
302502.2320155167 4123720.4434617795
302501.831154973 4123720.808463709
302501.420263323 4123721.158717061
302501.02385749115 4123721.4794097943
302500.61379994394 4123721.7999574523
302500.20675232715 4123722.101260852
302499.78504790214 4123722.393994072
302499.33195375267 4123722.663290864
302498.8590989646 4123722.930736701
302498.39013867325 4123723.2177417893
302497.96300471376 4123723.480898979
302497.49310834566 4123723.7231743755
302497.04903839924 4123723.960644413
302496.6028993463 4123724.19705627
302496.1312098289 4123724.3971834397
302495.6554994208 4123724.574377105
302495.16266668297 4123724.7275100118
302494.66931136674 4123724.8488119775
302494.12807887443 4123724.948658631
302493.59605913615 4123725.0239436985
302493.0614502096 4123725.076180535
302492.5461965863 4123725.1422771444
302492.02648551157 4123725.2134024836
302491.4940538275 4123725.262539535
302490.948884534 4123725.2928517116
302490.43307850795 4123725.329660579
302489.9064739474 4123725.3724500653
302489.3617257299 4123725.4018331775
302488.8109933396 4123725.407575151
302488.30153995927 4123725.4048030684
302487.78997842385 4123725.383583277
302487.2893062248 4123725.3401349746
302486.77619114536 4123725.2226359528
302486.2935909609 4123725.038992702
302485.83499171434 4123724.8115561865
302485.4136915186 4123724.539362909
302485.00917948526 4123724.236134834
302484.6003122543 4123723.923835524
302484.1838541411 4123723.6453844234
302483.73753856577 4123723.362861952
302483.3249500232 4123723.05741815
302482.93081352767 4123722.7487235637
302482.5136663121 4123722.4151886376
302482.11806139385 4123722.07841903
302481.7482218851 4123721.7401005984
302481.3833235892 4123721.3485442037
302481.0913629781 4123720.936824196
302480.8382738923 4123720.4893453442
302480.6205529246 4123719.991852731
302480.45689576044 4123719.485511851
302480.3110577695 4123719.0021750624
302480.1902034655 4123718.5076056304
302480.0950423413 4123717.9833305934
302480.02469839033 4123717.4478001865
302479.9757853816 4123716.936176972
302479.9443124935 4123716.43058043
302479.9352077839 4123715.885586604
302479.94592114736 4123715.3704587175
302479.99278493447 4123714.8291305904
302480.0481394031 4123714.303738583
302480.1072914314 4123713.77530071
302480.2008701808 4123713.266575144
302480.32377455174 4123712.7188714524
302480.4966262733 4123712.2031502575
302480.7065275478 4123711.705965001
302480.9585981879 4123711.2291511325
302481.24120974576 4123710.7723425464
302481.5529436601 4123710.365535429
302481.8627708744 4123709.957857262
302482.1495915063 4123709.5455068704
302482.43640362343 4123709.1272103647
302482.7323745193 4123708.7195929335
302483.0439953945 4123708.3001287277
302483.38103457115 4123707.8934823186
302483.7290881964 4123707.5141345845
302484.09339858044 4123707.1313368175
302484.4388966386 4123706.7278032023
302484.79702862166 4123706.3400049866
302485.1699792851 4123705.936793564
302485.5519634327 4123705.5368612395
302485.92311309255 4123705.162393584
302486.3175836322 4123704.775358001
302486.7396888479 4123704.390272336
302487.17898274306 4123704.037079604
302487.62162056775 4123703.7221085154
302488.055904576 4123703.4405506193
302488.5139587357 4123703.1800804823
302488.9712391739 4123702.944256541
302489.4691264044 4123702.673568907
302489.92223742127 4123702.4225698565
302490.40723537514 4123702.1774263573
