302490.77365467383
302491.2497801683
302491.72535761574
302492.2122938044
302492.7236399357
302493.261933226
302493.77081880765
302494.31416216877
302494.8098440619
302495.33457720495
302495.8330452789
302496.32744435733
302496.850911387
302497.3965232
302497.9170902326
302498.4638333404
302499.00707188883
302499.5299586803
302500.03381869086
302500.5368138172
302501.0448700885
302501.5408934783
302502.04840921477
302502.54249550315
302503.0631259052
302503.5611901839
302504.0637708024
302504.5332489059
302504.9784593714
302505.4167479017
302505.8647212941
302506.3160087033
302506.73766994977
302507.1633616757
302507.5970579694
302507.9808509769
302508.3903887203
302508.7523926308
302509.0873672883
302509.3093157788
302509.4845618383
302509.61431265273
302509.70201301423
302509.68026429083
302509.5747649609
302509.43651483604
302509.28516710084
302509.1010662678
302508.9001270052
302508.6581897723
302508.46231342276
302508.2515327542
302508.03653496236
302507.82178448833
302507.607249711
302507.39403675153
302507.1637218988
302506.9372779115
302506.6982043697
302506.46220049134
302506.1968070611
302505.94435778516
302505.66511199635
302505.38895232085
302505.09432844777
302504.80112773005
302504.48029934894
302504.1349291541
302503.7645226012
302503.37205604627
302502.9937194155
302502.6122168325
302502.2320155167
302501.831154973
302501.420263323
302501.02385749115
302500.61379994394
302500.20675232715
302499.78504790214
302499.33195375267
302498.8590989646
302498.39013867325
302497.96300471376
302497.49310834566
302497.04903839924
302496.6028993463
302496.1312098289
302495.6554994208
302495.16266668297
302494.66931136674
302494.12807887443
302493.59605913615
302493.0614502096
302492.5461965863
302492.02648551157
302491.4940538275
302490.948884534
302490.43307850795
302489.9064739474
302489.3617257299
302488.8109933396
302488.30153995927
302487.78997842385
302487.2893062248
302486.77619114536
302486.2935909609
302485.83499171434
302485.4136912193
302485.00917948526
302484.6003122543
302484.1838541411
302483.73753856577
302483.3249500232
302482.93081352767
302482.5136663121
302482.11806139385
302481.7482218851
302481.3833235892
302481.0913629781
302480.8382738923
302480.6205529246
302480.45689576044
302480.3110577695
302480.1902034655
302480.0950423413
302480.02469839033
302479.9757853816
302479.9443127676
302479.9352077839
302479.94592114736
302479.99278493447
302480.0481394031
302480.1072914314
302480.2008701808
302480.32377455174
302480.4966262733
302480.7065275478
302480.95859798475
302481.24120974576
302481.5529436601
302481.8627708744
302482.1495915063
302482.43640362343
302482.7323745193
302483.0439953945
302483.38103457115
302483.7290881964
302484.09339858044
302484.4388966386
302484.79702862166
302485.1699792851
302485.5519634327
302485.92311309255
302486.3175836322
302486.7396888479
302487.17898274306
302487.62162056775
302488.055904576
302488.5139587357
302488.9712391739
302489.4691264044
302489.92223742127
302490.40723537514
