4123701.751820366
4123701.481679295
4123701.268901672
4123701.0901347958
4123700.9336929657
4123700.8110971707
4123700.723654497
4123700.6263839235
4123700.519925306
4123700.41299857
4123700.315474996
4123700.2207028293
4123700.129982963
4123700.0507657635
4123700.004823778
4123699.97742387
4123699.9742004005
4123700.0074623823
4123700.0748593947
4123700.168727725
4123700.287073882
4123700.4220200437
4123700.530484716
4123700.646028827
4123700.7871573586
4123700.9533915156
4123701.1613546675
4123701.386572293
4123701.614715667
4123701.860172563
4123702.1279201666
4123702.436887703
4123702.748222046
4123703.0779944477
4123703.4239464854
4123703.746351399
4123704.1135252295
4123704.47078628
4123704.878315538
4123705.3470313004
4123705.8456992726
4123706.339005004
4123706.8475796683
4123707.35308164
4123707.8549240828
4123708.354257467
4123708.8471932863
4123709.3163561025
4123709.785559812
4123710.284318411
4123710.7474755687
4123711.2122556935
4123711.698655504
4123712.1813802323
4123712.6544076945
4123713.1378145763
4123713.6243249835
4123714.103962009
4123714.6030563186
4123715.0774460137
4123715.545956906
4123715.984158525
4123716.453313978
4123716.8993698093
4123717.3508016462
4123717.766515393
4123718.1695931847
4123718.567598503
4123718.96965565
4123719.3626395552
4123719.7133503393
4123720.0776147833
4123720.4434617795
4123720.808463709
4123721.158717061
4123721.4794097943
4123721.7999574523
4123722.101260852
4123722.393994072
4123722.663290864
4123722.930736701
4123723.2177417893
4123723.480898979
4123723.7231743755
4123723.960644413
4123724.19705627
4123724.3971834397
4123724.574377105
4123724.7275100118
4123724.8488119775
4123724.948658631
4123725.0239436985
4123725.076180535
4123725.1422771444
4123725.2134024836
4123725.262539535
4123725.2928517116
4123725.329660579
4123725.3724500653
4123725.4018331775
4123725.407575151
4123725.4048030684
4123725.383583277
4123725.3401349746
4123725.2226359528
4123725.038992702
4123724.8115561865
4123724.5393627626
4123724.236134834
4123723.923835524
4123723.6453844234
4123723.362861952
4123723.05741815
4123722.7487235637
4123722.4151886376
4123722.07841903
4123721.7401005984
4123721.3485442037
4123720.936824196
4123720.4893453442
4123719.991852731
4123719.485511851
4123719.0021750624
4123718.5076056304
4123717.9833305934
4123717.4478001865
4123716.936176972
4123716.4305801783
4123715.885586604
4123715.3704587175
4123714.8291305904
4123714.303738583
4123713.77530071
4123713.266575144
4123712.7188714524
4123712.2031502575
4123711.705965001
4123711.229151427
4123710.7723425464
4123710.365535429
4123709.957857262
4123709.5455068704
4123709.1272103647
4123708.7195929335
4123708.3001287277
4123707.8934823186
4123707.5141345845
4123707.1313368175
4123706.7278032023
4123706.3400049866
4123705.936793564
4123705.5368612395
4123705.162393584
4123704.775358001
4123704.390272336
4123704.037079604
4123703.7221085154
4123703.4405506193
4123703.1800804823
4123702.944256541
4123702.673568907
4123702.4225698565
4123702.1774263573
